a<-"test"
b<-1:999
